1
2 500.074971 240.528016 23.000000 556.000000 0 0
0
0
0
0
0
332.886544 224.615871 736.000000 5.000000 1.000000
0.000000 0.000000 0.000000 0.000000 1000.000000
0.000000 0.000000 0.000000 0.000000 1000.000000
0.000000 0.000000 0.000000 0.000000 1000.000000
0.000000 0.000000 0.000000 0.000000 1000.000000
0.000000 0.000000 0.000000 0.000000 1000.000000
0.000000 0.000000 0.000000 0.000000 1000.000000
0.000000 0.000000 0.000000 0.000000 1000.000000
0.000000 0.000000 0.000000 0.000000 1000.000000
0 410.000000 440.000000 23.000000 123.000000 0 0
0
0
0
0
0
0.000000 0.000000 0.000000 0.000000 0.000000
0.000000 0.000000 0.000000 0.000000 10.000000
0.000000 0.000000 0.000000 0.000000 10.000000
0.000000 0.000000 0.000000 0.000000 10.000000
0.000000 0.000000 0.000000 0.000000 10.000000
0.000000 0.000000 0.000000 0.000000 10.000000
0.000000 0.000000 0.000000 0.000000 10.000000
0.000000 0.000000 0.000000 0.000000 10.000000
0.000000 0.000000 0.000000 0.000000 10.000000
